3 3281378
1 16061921 86548939 1401984800
1 43842729 30326396 278899510
1 187635 10219083 1476838293
1 56184684 14618623 204951246
1 19662658 84776643 1977343791
1 92686042 27561007 1529914264
1 2981426 88452370 61161661
3 187635
2 6012912 73729844
1 36339297 52629386 590146253
4 6012912 37161644
5 2981426 16061921 19662658 34018063 36339297 43842729 0 1228920942 1842112703
5 187635 6012912 56184684 92686042 0 193565973 1226016481
1 82660752 58294329 545055777
1 97152640 40930840 249769896
5 187635 2981426 36339297 56184684 92686042 0 1705949091 1775033435
3 43842729
3 187635
4 16061921 86548939
3 36339297
1 67568223 17427167 1795226044
1 32530001 64337622 964971736
5 2981426 16061921 32530001 0 32289050 859801545
1 19585701 35428028 1892386978
3 92686042
2 97152640 40930840
2 6012912 4309211
3 97152640
1 2737190 30554141 1302045574
1 62843190 40317555 541379043
1 51406174 77935532 1866162784
3 98290810
4 43842729 30326396
1 72736656 11965642 1075780837
1 98042515 80090157 128962921
1 69445468 71543263 638544964
3 92686042
2 69445468 71543263
4 70435824 93315913
1 2183395 87431509 471465823
3 92686042
1 50402462 88661857 1808859246
1 21268135 90338716 584252762
4 97152640 43229313
1 76397830 58588212 711957978
4 50402462 88661857
1 67243438 64158710 1285606868
1 4106340 57072887 754828860
1 69953788 60451607 192945590
3 32399891
4 31596207 957394
4 187635 10219083
5 2183395 2737190 4106340 16061921 21268135 36339297 43842729 76397830 0 1171392524 1898055630
4 19585701 90662453
3 62843190
5 2737190 4106340 19585701 21268135 36339297 50402462 51406174 62843190 67568223 0 1468306348 1987254917
2 43842729 30326396
3 187635
1 92211306 31315396 36975728
1 27256565 14219465 16316852
1 93093923 87667086 1104592337
3 69953788
1 95870832 33512898 1247296583
5 2183395 25716387 82660752 0 61579738 1822890477
1 30074869 70443803 1700758165
5 2737190 19662658 31596207 43842729 50402462 51406174 67243438 70435824 0 886302404 1580530852
3 92686042
1 91039541 45711127 644591346
1 81704968 77638559 449425037
1 4214938 81337626 321477297
5 19662658 50402462 91039541 93093923 97152640 0 239376090 1603160795
1 64202320 18351054 1732942189
1 62184114 23981928 190212970
1 87104506 71917959 1284413942
2 4106340 57072887
1 66371407 30571930 1220937095
1 16319604 45302484 511582599
3 67568223
3 4214938
2 6012912 4815478
1 51726968 81313505 1054390276
3 66371407
1 9979839 79725854 1836577611
1 7136815 70655045 299250646
1 91592271 96922950 1154028197
1 8505615 99976065 130232472
1 47355344 38222042 1896046
4 91039541 45711127
1 57873519 34013713 454184417
4 82660752 58294329
1 69150630 99700826 1809365925
3 67568223
2 62843190 40317555
4 50402462 88661857
1 31818269 55417394 739589869
4 4106340 92939167
1 76271105 5777345 1254900849
5 7136815 21268135 56886428 61484937 66371407 76397830 91039541 95870832 98042515 0 246128158 539241370
1 99755070 16136804 1598417478
